1.000000e-06
1.156888e-06
1.338389e-06
1.548365e-06
1.791284e-06
2.072315e-06
2.397435e-06
2.773563e-06
3.208700e-06
3.712105e-06
4.294488e-06
4.968240e-06
5.747694e-06
6.649436e-06
7.692650e-06
8.899530e-06
1.029576e-05
1.191103e-05
1.377972e-05
1.594159e-05
1.844263e-05
2.133605e-05
2.468340e-05
2.855592e-05
3.303599e-05
3.821893e-05
4.421500e-05
5.115178e-05
5.917686e-05
6.846097e-05
7.920164e-05
9.162739e-05
1.060026e-04
1.226331e-04
1.418727e-04
1.641307e-04
1.898808e-04
2.196707e-04
2.541343e-04
2.940048e-04
3.401305e-04
3.934927e-04
4.552268e-04
5.266462e-04
6.092705e-04
7.048574e-04
8.154407e-04
9.433732e-04
1.091377e-03
1.262600e-03
1.460686e-03
1.689850e-03
1.954966e-03
2.261676e-03
2.616505e-03
3.027002e-03
3.501900e-03
4.051305e-03
4.686904e-03
5.422221e-03
6.272900e-03
7.257040e-03
8.395579e-03
9.712740e-03
1.123655e-02
1.299942e-02
1.503887e-02
1.739828e-02
2.012785e-02
2.328566e-02
2.693889e-02
3.116527e-02
3.605471e-02
4.171125e-02
4.825522e-02
5.582586e-02
6.458424e-02
7.471671e-02
8.643883e-02
1.000000e-01